148979 20104 61176 55700 148972 46898 148976 12398 12398 148980 61226 29977 61227 148968 728 148977 33534 601 29731 film 148973 44076 148975 9202a8c04000641f80000000047968f5 148974 12398 148969 38458 148978 13587 601 148971 12398 meninwhite 82 40968 30368 148970 4 en 5 meninwhite 
10117 72428 2661 12710 megaville 52344 42768 71732 12710 77413 95 megaville 31700 9202a8c04000641f80000000047ba60d 12710 12710 585 film 18945 44800 12710 70367 43619 255 12710 589 en 255 megaville 
32619 brianalovesjenna 14299 31497 14299 14299 70953 14299 39031 5952 14299 9896 brianalovesjenna 30040 brianalovesjenna 72396 en 9202a8c04000641f80000000055827c2 55464 200120011127 14299 2930 14299 film 200120011127 72536 
100255 527 9202a8c04000641f8000000005596ce8 14438 1167 14438 34407 14630 104 31243 140418 14438 14438 100254 14438 nowyouseehimnowyoudont 50788 1972 film 32040 88 14438 14438 nowyouseehimnowyoudont 100253 10044 19886 100251 47754 nowyouseehimnowyoudont 14438 33082 31101 14438 en 2641 100252 70478 1972 194101 
2276 1351 2108 15304 2917 film 2108 20030613 2108 32287 2108 2158 16678 13754 85 2108 5946 15305 70982 dumbdumberer 1193 3355 aliastypeimdbids0329028 6220 2019 42558 9658 9656 14177 20030613 2108 9202a8c04000641f800000000048fea0 tt0329028 en 698 9452 dumbdumberer 9657 2108 2275 
1965 2381 4357 154 2381 99761 2381 375 whatsnewpussycat  31973 gb 2381 en 2381 4557 51265 10 58567 29679 56069 2381 15178 108 50018 375 29614 49723 whatsnewpussycat 1965 2381 2381  30463 2381 fr 9202a8c04000641f80000000004fd9b4 whatsnewpussycat  30975 36799 film 66844 2381 13288 13237 2381 11663 
86 20020111 film aliastypeimdbids0303356 2572 10869 4344 9690 29669 34874 biggietupac 371 39434 118676 4343 1181 44189 44171 318 20020111 9202a8c04000641f80000000005646e7 183 47098 2572 4346 4345 2398 en biggietupac 108 2572 tt0303356 2572 4347 867 
4053 84776 fr 19714 779 796 4053 amanarealone 777 165 4 35688 526 20030528 aliastypeimdbids0329706 10974 797 en 4053 tt0329706 23034 4053 20030528 4053 4053 1570 632 4053 1569 778 amanarealone 9202a8c04000641f80000000007afaba 4053 fr  4053 film 120 amanarealone 
41006 40960 1995 theincrediblytrueadventureoftwogirlsinlove 46958 333 5748 38446 48861 13682 theincrediblytrueadventureoftwogirlsinlove 13110 32228 film 41006 9202a8c04000641f80000000004af166 32227 41006 377 19046 1995 333 
35122 35121 film 33562 thespiralstaircase 1354 41408 19460206 35119 9202a8c04000641f8000000000527d33 16174 41408 19460206 35123 36306 32009 36329 10319 thespiralstaircase 30867 8475 5266 29 35120 
5454 brokenlance 2 9202a8c04000641f8000000000567f08 1954 1708 41573 41573 5456 30035 5454 film 5457 35936 16556 1954 brokenlance 29794 56 5455 2 9077 15593 33143 32491 5458 41573 
1545 4501 4411 4501 ja 1835 3887 34160 82244 35586 5614 film 4413 1396 47808 superwarriordefeatimtheonewhollwin 19940709 34497 35093 4412 4410 13022 4415 9202a8c04000641f8000000000867897 50 4408 4414 superwarriordefeatimtheonewhollwin 4501 35096 4501 33932 4416 4409 40928 42282 19940709 881 
55256 5232 5226 36482 themummystomb 30 themummystomb 19421023 5232 95522 5232 5232 46810 7260 33556 5232 5232 9202a8c04000641f80000000009746be 2954 79968 2475 5232 5155 film 5240 192397 aliastypeimdbids0035096 33557 5232 5232 43277 30295 19421023 themummystomb 61 5326 tt0035096 5232 en 
1122 ja 25387 tt0086244 87740 19831012 jp film 6191 satomihakkenden 14066 6191 44257 4410 14150 9202a8c04000641f8000000000abf0a2 180 4154 32168 36373 6191 aliastypeimdbids0086244 satomihakkenden 34973  136 19831012 6191 5444 25386 8972 25385 
13441 281 film thehandmaidstale 35239 52659 6213 31800 6213 4082 47463 30559 19900215 31801 152723 109 281 tt0099731 31745 6213 33031 0771008139 31803 thehandmaidstalefilm 6213 aliastypeimdbids0099731 11068 23 6213 31802 en 118941 6213 19900215 6866 30004 6213 6213 9202a8c04000641f8000000000ac8dbc 94 8982 13572 1292 6213 thehandmaidstale 40287 1656 
35595 32753 en magnumpi 6468 2007 6468 aliastypeimdbids0756681 11328 9202a8c04000641f8000000000b3087f 6468 55985 43526 tt0756681 11092 2007 6468 17242 73576 magnumpi 6468 magnumpi 6468 49301 film 
59932 144091 59936 2006 368 144089 60321 60309 60310 197 144086 70866 film 2006 routinecheckups4 144087 144085 9202a8c04000641f8000000009f30a4b 144090 812 59938 60322 144088 routinecheckups4 70866 
7348 7348 29477 46165 30114 30837 4 7348 1983 tt0085247 872 onhisown 15854 en 30 4367 1389 29778 9202a8c04000641f8000000000c6ae93 7348 4370 1983 onhisown 4368 4371 7347 7348 100 4369 38081 aliastypeimdbids0085247 7347 film 159456 
36466 gb 31908 aliastypeimdbids0758789 7963 en 29134 11682 theaftermath 7963 7963 29131 film 4850 29133 692 9202a8c04000641f8000000000d192d4 37594 29135 29132 37715 997 7963  32015 7963 7963 theaftermath tt0758789 1709 
5959 29405 19981225 en 19600 31581 157 4592 8446 110 32793 15 19601 173853 mightyjoeyoung 4184 8446 36 2112 mightyjoeyoung 2113 114 19981225 8446 film 9202a8c04000641f8000000000db9872 3604 tt0120751 aliastypeimdbids0120751 5196 8446 8446 1174 11436 3287 
42868 abelferraradirector 40146 10100 10100 44846 10100 63785 director 10100 13196 63031 10100 10100 40914 10100 10100 abelferrara 48179 10100 90531 10100 10100 11719 96598 10100 10100 10100 person 10100 70633 10100 3535 88229 23866 10100 12281 10100 1160 10100 96870 66097 1159 9202a8c04000641f8000000000535fbd 10100 10100 
93000 95114 84416 paulmorris 10846 84415 84414 10846 91749 10846 paulmorrisdirector 10846 84412 10846 person 85570 10846 10846 10846 91121 10846 10846 10846 93002 10846 10846 10846 92999 84411 93001 84413 92998 10846 96162 92047 83482 9202a8c04000641f800000000073a82c 95113 10846 10846 74508 10846 83511 director 10846 10846 10846 10846 
29369 23316 person 29369 29369 130707 29369 29369 29369 28799 7173 29369 42948 29369 29369 48657 10139 71211 29369 29369  29369 29369 17411 29369 29369 29369 28803 29369 37111 172514 29369 3688 29369 37548 29369 24169 29369 45946 arnoldschwarzenegger 27714 29369 29369 29369 35380 24035 29369 108573 28975 66980 150932 29369  29369 122075 29369 9202a8c04000641f8000000000006567 29369 170732 29369 153297 24196 108170 10231 15940 7289 actor 29369 29369 29369 29369 arnoldschwarzeneggeractor 7258 29369 155111 37403 16696 
39427 39259 20360 30569 19149 169470 53263 20716 174234 30569 actor 9202a8c04000641f800000000012b866 74576 98114 elsalanchesteractor 28916 30569 30569 elsalanchester 30569 61810 30569 30569  94475 30569 17410 34432 31471 30569 30569 34274 30569 30569 30569 30569 30569 person 30569 30569 5261 30569 63428 22297  177204 30569 30569 30569 30569 
30598  54247 30598 64560 136030 30598 30598 30598 30598 30598 92512 91930 197795 113132 74228 94391 55450 71338 30598 tomcourtenay 30598 38982 17700 30598 125941 70920 70134 30598 actor 17432 30832 30598 30598 30598  30598 4392 30598 30598 173836 9202a8c04000641f800000000012d8fa tomcourtenayactor 30598 30598 30598 114228 30598 183968 person 
actor 31707 31707 4756 31707 87924 119763 31707  margaretcolin 37390 15213 9202a8c04000641f80000000001d8847 42133 31707 184537 88430 person 31707 31707 31707 128910 31707  margaretcolinactor 80435 127332 96027 31707 83508 31707 31707 31707 31707 
32500 32500 152813 152801 152814 32500 32500 32500 32500 152822 152820 152807 person 32500 32500 32500 152806 152809 32500  32500 152819 9202a8c04000641f800000000026d739 152811 32500 32500 32500 152817 152808 byronlong 152805 152816 152802 152803 32500 152810 32500 actor byronlongactor 152812 152821 152818 32500 32500 32500 32500  32500 32500 152804 152815 32500 
32648 114399  10267 125790 124479 actor 32648 32648 32648 9202a8c04000641f800000000028c1a8 129624 32648 tomokazusekiactor 32648 32648 32648 32648 32648 127422 127572 21380 32648 person 127454 32648 132536  tomokazuseki 68310 32648 121912 105895 32648 32648 
33137 111174 171204 93828 mauricelamarcheactor 33137 33137 127956 33137 mauricelamarche 169956 33137 33137 149684 33137 33137 9202a8c04000641f80000000002dddf0 33137 actor 33137 33137 121429 33137 61135 33137 33137 33137 33137 7116 80562 33137 33137 76814 33137 33137  33137 58545 74259 33137 36966 171205 77497 85285 person 28709 76487 77791 120193 145535 33137  33137 33137 92543 33137 89309 136134 100820 33137 
119836 34577 34577 43959  34577 40312 9202a8c04000641f80000000003be85d 178186 64965 48963 40276 40281 person jamesnaughton 120141 34577 34577 34577 40313 34577  34577 34577 34577 22244 actor 124550 jamesnaughtonactor 34577 34577 40275 34577 34577 
36141 36141 36141 36141 77142  36141 129784 140336 131718 122860 36141 128183 58524 36141 88060 36141 61076 36141 francisngactor 36141 36141 actor 36141 36141 36053 160521 9202a8c04000641f80000000004d578b  57903 36141 65403 36141 88474 36141 107587 36141 36141 115451 66281 92016 francisng 36141 36141 50061 36141 57193 83973 person 36141 60580 36141 
44873 152327 38225 38225  38225 38225 28513 38225 38225 dantebasco 84005 123155 person 122675 38225  121760 120534 184389 38225 38225 38225 38225 30620 82695 38225 38225 10502 83942 9202a8c04000641f8000000000646474 dantebascoactor actor 77341 38225 187452 38225 
 38875 38875 38875 169477 186592 9202a8c04000641f80000000006b3a0f 38875 38875 38875 38875 38875 114242 person 21286 133703  38875 114086 38875 4330 42430 38875 38875 38875 174190 108710 38875 38875 72098 38875 46588 67745 38875 47271 jameshong 53338 113076 84785 182041 38875 103177 38875 38875 actor jameshongactor 38875 178390 76195 38875 38875 
39725 22859 39725 17353 39725 39725 39725 39725 85137 39725 39725 79066 90120  39725 39725 83099 tomhollanderactor 59230 person 39725 22849 39725 39725 115310 76420 76021  39725 85850 3908 39725 39725 39725 9202a8c04000641f800000000072977e tomhollander 629 23395 149302 actor 
fredcnewmeyer 416 416 45424 57862 25006 416 416 16516 21577 57112 416 416 9202a8c04000641f8000000000b97495 7007 21167 66749 416 55669 416 416 48957 416 416 416 person 416 209 416 94441 416 416 416 66469 416 40871 416 416 416 24605 416 66506 5711 8672 52376 44849 57373 416 93242 416 fredcnewmeyerdirector director 
43265 43265 100710 43265 43265 43265 2850 108926 97580 134717 43265 25257 112911 43265 43265 97199 16429 43265 43265 98344 2643 43265 43265 97181 98467 person 43265 38255 43265 106569 43265 106575 prakashraj 18647 21553 43265 43265 97468 43265 43265 2940 43265 43265 96920 43265 43265 43265 prakashrajactor 97992 2837 99072 90388 112511 actor 2473 4928 108900 43265 43265 113342 43265 4237 43265 43265 43265 43265 43265 97867 98388 43265 43265 2977 98730  27568 43265 43265 120532 43265 43265 101962 101674 98182 43265 91417 43265 43265 43265 43265 112831 43265 27993 4223 1151 4226 98604 113311 43265 43265 131763 97406 112467 108901 43265 43265 43265 38233 43265 43265 43265 96986 23126 43265 43265 43265 43265 122850 43265 3029 43265 43265 26321 38225 43265 43265 97463 43265 43265 98848 43265 43265 112203 26675 43265 43265 43265 43265 15485 43265 96992 43265 132033 97710  22374 38303 43265 43265 43265 12082 43265 43265 111280 43265 43265 43265 122855 134773 97823 104800 43265 43265 43265 43265 43265 43265 97677 91877 3432 91764 97377 23120 43265 43265 97400 43265 2233 6389 43265 43265 21685 97513 97279 97494 43265 5665 43265 43265 97598 43265 98998 96848 43265 28494 43265 43265 43265 97446 12295 43265 4944 9202a8c04000641f80000000009cdb83 39632 97068 99365 16535 43265 43265 
52869 saraberneractor 52869 145237 person 52869 9202a8c04000641f8000000006b4f1f3 149931 52869 197575 147548  149944 168659 52869 52869 52869 141962 52869 actor 145366 52869 52869 145694 52869 145337  52869 145767 145202 saraberner 52869 
62725 9202a8c04000641f800000000b91415f 189411 62725 168400 173723 62725 158783 actor roddaily 168416 62725 62725 158778 62725 170221 171445 188409 62725 62725 62725  173697 169257 62725 62725 158784 158782 person 161551 165873 168338 62725 roddailyactor 62725 62725 62725 170153  62725 62725 62725 
190523 9202a8c04000641f8000000012ca2cfe 190528 190525 67878 devynfoster 190508 67878 190518 190524 67878 67878  190514 67878 67878 190516 67878 190522 devynfosteractor actor 67878 190520 190526 67878 67878 190519 190521 67878 67878 190515 190513 67878 190517 67878 67878  67878 190527 67878 190534 67878 person 67878 
ringolam 2661 64450 85702 8669 8669 46058 43099 8669 8669 49262 39853 8669 43047 9202a8c04000641f80000000000ac6c9 64122 director 8669 8669 8669 8669 8669 8669 45707 15228 8669 46161 8669 8669 ringolamdirector 8669 8669 22494 person 4901 23877 
148979 20104 61176 55700 148972 46898 148976 12398 12398 148980 61226 29977 61227 148968 728 148977 33534 601 29731 film 148973 44076 148975 9202a8c04000641f80000000047968f5 148974 12398 148969 38458 148978 13587 601 148971 12398 meninwhite 82 40968 30368 148970 4 en 5 meninwhite 
10117 72428 2661 12710 megaville 52344 42768 71732 12710 77413 95 megaville 31700 9202a8c04000641f80000000047ba60d 12710 12710 585 film 18945 44800 12710 70367 43619 255 12710 589 en 255 megaville 
32619 brianalovesjenna 14299 31497 14299 14299 70953 14299 39031 5952 14299 9896 brianalovesjenna 30040 brianalovesjenna 72396 en 9202a8c04000641f80000000055827c2 55464 200120011127 14299 2930 14299 film 200120011127 72536 
100255 527 9202a8c04000641f8000000005596ce8 14438 1167 14438 34407 14630 104 31243 140418 14438 14438 100254 14438 nowyouseehimnowyoudont 50788 1972 film 32040 88 14438 14438 nowyouseehimnowyoudont 100253 10044 19886 100251 47754 nowyouseehimnowyoudont 14438 33082 31101 14438 en 2641 100252 70478 1972 194101 
2276 1351 2108 15304 2917 film 2108 20030613 2108 32287 2108 2158 16678 13754 85 2108 5946 15305 70982 dumbdumberer 1193 3355 aliastypeimdbids0329028 6220 2019 42558 9658 9656 14177 20030613 2108 9202a8c04000641f800000000048fea0 tt0329028 en 698 9452 dumbdumberer 9657 2108 2275 
1965 2381 4357 154 2381 99761 2381 375 whatsnewpussycat  31973 gb 2381 en 2381 4557 51265 10 58567 29679 56069 2381 15178 108 50018 375 29614 49723 whatsnewpussycat 1965 2381 2381  30463 2381 fr 9202a8c04000641f80000000004fd9b4 whatsnewpussycat  30975 36799 film 66844 2381 13288 13237 2381 11663 
86 20020111 film aliastypeimdbids0303356 2572 10869 4344 9690 29669 34874 biggietupac 371 39434 118676 4343 1181 44189 44171 318 20020111 9202a8c04000641f80000000005646e7 183 47098 2572 4346 4345 2398 en biggietupac 108 2572 tt0303356 2572 4347 867 
4053 84776 fr 19714 779 796 4053 amanarealone 777 165 4 35688 526 20030528 aliastypeimdbids0329706 10974 797 en 4053 tt0329706 23034 4053 20030528 4053 4053 1570 632 4053 1569 778 amanarealone 9202a8c04000641f80000000007afaba 4053 fr  4053 film 120 amanarealone 
41006 40960 1995 theincrediblytrueadventureoftwogirlsinlove 46958 333 5748 38446 48861 13682 theincrediblytrueadventureoftwogirlsinlove 13110 32228 film 41006 9202a8c04000641f80000000004af166 32227 41006 377 19046 1995 333 
35122 35121 film 33562 thespiralstaircase 1354 41408 19460206 35119 9202a8c04000641f8000000000527d33 16174 41408 19460206 35123 36306 32009 36329 10319 thespiralstaircase 30867 8475 5266 29 35120 
